kinematics:
  shoulder:
    x: 0
    y: 0
    z: 0.16273913233870374
    roll: -0
    pitch: 0
    yaw: -1.1147091721896984e-09
  upper_arm:
    x: 0.00013294636124052406
    y: 0
    z: 0
    roll: 1.5711201798453831
    pitch: 0
    yaw: 1.5786756579989768e-06
  forearm:
    x: -0.42522542563910071
    y: 0
    z: 0
    roll: 0.00056723718720816428
    pitch: -0.0002264344236098182
    yaw: 2.202481094927861e-06
  wrist_1:
    x: -0.39253402995481762
    y: -0.00027577825037237622
    z: 0.13311349239071343
    roll: 0.0020717498343631835
    pitch: -0.00089778456878759482
    yaw: 3.326526676129793e-06
  wrist_2:
    x: 3.6484815885486381e-06
    y: -0.099666813460830631
    z: -9.259160095488782e-06
    roll: 1.5708892279296609
    pitch: 0
    yaw: -6.4718870078361846e-07
  wrist_3:
    x: 9.090813925203707e-05
    y: 0.099463029741997389
    z: 1.8880540474167359e-05
    roll: 1.5709861514995769
    pitch: 3.1415926535897931
    yaw: 3.1415921192622087
  hash: calib_6067100101136778482