kinematics:
  shoulder:
    x: 0
    y: 0
    z: 0.16261887645609463
    roll: -0
    pitch: 0
    yaw: -4.0031311730748247e-08
  upper_arm:
    x: 0.00020568249824009979
    y: 0
    z: 0
    roll: 1.571430087488775
    pitch: 0
    yaw: 1.85495602724807e-06
  forearm:
    x: -0.42492452551353588
    y: 0
    z: 0
    roll: 0.0018690766873157409
    pitch: -0.00057757778770004724
    yaw: 5.8665930557027711e-06
  wrist_1:
    x: -0.39238537925898326
    y: -0.00067218656612379483
    z: 0.13306336343597835
    roll: 0.0050515846813444613
    pitch: -0.00068353599936232877
    yaw: 2.0596417397843085e-06
  wrist_2:
    x: 2.8846952916824537e-05
    y: -0.099711827552906654
    z: 2.6042920501348626e-05
    roll: 1.5705351449416671
    pitch: 0
    yaw: 1.5345798307035007e-06
  wrist_3:
    x: 7.5030704220807921e-05
    y: 0.099589370577146147
    z: -2.236142031189641e-05
    roll: 1.5705717905837877
    pitch: 3.1415926535897931
    yaw: 3.1415926427311414
  hash: calib_1483895155597487937